0.5
-0.5
0.0
0.7
0.35
0.1
0.0
0.3111111111111111
0.43333333333333335
0.35
-0.125
-0.875
0.0
0.5
0.2285714285714286
0.375
0.5
0.5
0.1
0.65
1.0
0.125
0.7500000000000001
-0.75
-0.125
0.0
0.9375
0.8
0.8
-0.2
0.0
0.0
0.1
0.3
0.0
0.4
0.2333333333333333
0.2333333333333333
0.19999999999999998
0.0
0.55
0.7
0.0
0.6
-1.0
0.7
-0.25
0.7
-0.125
0.16666666666666666
0.4
0.45
-1.0
0.0
0.19285714285714284
0.45
0.7
0.08928571428571429
0.0
0.0
0.0
-0.8
0.0
0.0
0.2818181818181818
0.0
0.0
0.875
-0.15
0.7
0.6
0.5
0.8
0.0
0.7
0.43333333333333335
-0.5
1.0
0.13333333333333336
0.16666666666666666
-1.0
0.43333333333333335
0.7
-0.09999999999999998
0.0
0.16666666666666666
0.1
0.0
0.5
0.0
0.4
-0.125
-0.4
1.0
-0.0666666666666667
-0.8
0.0
0.0
0.3
0.03076923076923077
0.04999999999999999
0.4
0.03749999999999998
0.0
0.5
0.26944444444444443
-1.0
0.0
0.0
0.47857142857142854
-0.8
0.1
-0.10000000000000003
0.0
0.0
0.0
0.5
-0.8
0.7500000000000001
0.525
-0.8
0.8
0.125
0.16666666666666666
1.0
0.13333333333333336
-0.28099999999999997
0.21666666666666667
0.05000000000000001
0.07999999999999999
0.16666666666666666
0.16666666666666666
0.7500000000000001
0.0
0.0
0.05000000000000001
0.0
0.5666666666666668
0.4
-0.2
0.4
0.1
-0.8
0.0
0.5666666666666668
0.3
0.28125
0.2333333333333333
-0.16666666666666669
0.0
0.55
0.0
0.5666666666666668
0.07999999999999999
-0.5
-0.6375
0.7
0.5
-0.8
0.5
0.35
0.7
-0.06666666666666667
0.8
-1.0
-0.42500000000000004
0.7500000000000001
-0.8
0.0
0.6
0.7
0.10000000000000003
-0.14358974358974355
0.19999999999999998
0.0
0.4
0.5
-0.375
0.65
0.4
0.7
0.4
-0.8
0.0
0.0
0.65
0.5
0.0
-0.03571428571428571
0.0
0.6166666666666667
0.7
0.35
-1.0
0.16666666666666666
0.5
0.5
-0.8
0.1
0.65
-1.0
-0.8
-0.125
0.0
0.4
0.3111111111111111
0.25
-0.125
-0.8
0.2675
0.8
1.0
-0.8
0.45
-0.8
0.125
0.7
-0.5
-0.04999999999999999
0.5
-0.16666666666666669
0.0
0.7
0.0
0.0
0.65
0.55
-0.3333333333333333
-0.25
0.7
0.125
0.7
-1.0
-0.4
-0.3791666666666667
0.0
-0.04999999999999999
-0.8
-0.15555555555555553
-0.8
0.0
0.5875
-0.9099999999999998
-0.5
0.04999999999999999
0.6
0.55
0.375
-0.8
0.6
-0.09999999999999998
-0.15555555555555553
0.26944444444444443
-0.2
0.6
0.5
0.0
-0.3333333333333333
0.875
0.4
0.7
-0.25
0.16666666666666666
-0.16666666666666669
0.4
0.0
0.0
-0.125
0.4000000000000001
-0.11666666666666665
0.7
-0.8
0.0
-0.7
-0.125
-0.4
0.375
0.2818181818181818
-0.4000000000000001
0.0
0.5666666666666668
-0.8
0.26944444444444443
0.0
-0.8
0.0
0.0
-1.0
-0.8
0.9099999999999999
0.13333333333333336
1.0
0.5
0.3111111111111111
-1.0
0.7
0.0
0.6
0.7500000000000001
0.25
-0.125
0.5
0.1
-0.625
0.35
0.21666666666666667
-0.5
0.5
0.4
0.0
0.25
-0.09999999999999998
0.4
0.6
-1.0
0.5666666666666668
0.7
0.4
-0.8
0.41666666666666663
-0.3125
-0.125
0.7
-0.25
0.033333333333333326
0.6
0.43333333333333335
0.375
-1.0
-0.8
0.26944444444444443
0.7
0.325
0.5875
0.0
-0.125
0.1875
0.14285714285714285
0.5666666666666668
-0.2
0.55
-0.8
0.7
-0.25
-0.8
0.0
-0.8
0.16666666666666666
-0.125
0.7
0.3333333333333333
-0.5
-0.28099999999999997
0.4333333333333333
0.0
0.30000000000000004
-0.875
-0.8
0.0
-0.3125
0.3
0.0
0.0
0.0
0.5
0.0
0.6166666666666667
0.7
-0.8
0.21818181818181817
0.0
0.25
-0.15000000000000002
0.7
0.7
-1.0
0.0
0.7
0.0
0.6
0.0
-0.8
0.45
0.0
0.5
-0.28099999999999997
0.35
0.13333333333333333
-1.0
0.7
0.2818181818181818
0.1
0.8
0.1
0.125
0.6
0.5666666666666668
-0.8
0.5
0.13333333333333336
0.0
0.5
0.5666666666666668
0.2
0.7
0.7
0.7
0.8
0.5
0.7
0.7
0.0
-0.75
0.3333333333333333
-1.0
-0.8
-0.23333333333333336
-0.8
0.4
0.5666666666666668
0.0
0.5666666666666668
0.0
0.1
-0.75
-0.20833333333333334
-0.7
-0.75
0.7
-0.05
0.19999999999999998
0.0
-0.6
-0.3125
0.7
-0.5
0.0
0.0
0.13333333333333336
0.0
-0.75
-0.425
-0.125
0.1
0.0
0.4
0.5
-0.28099999999999997
-0.7
0.0
-0.8
0.4
0.16666666666666666
0.25
0.2
0.04999999999999999
-0.28099999999999997
-0.8
0.8
0.5
0.16666666666666666
0.7
0.0
1.0
-0.5
0.4
-0.8
-0.75
0.4
-0.05
0.0
0.0
0.0
-0.8
0.8
-0.5
1.0
-0.75
-0.16666666666666669
0.5
0.5428571428571429
0.4
-0.75
-0.8
-0.8
-0.75
-0.15625
0.48148148148148145
0.7500000000000001
0.0
0.19999999999999998
0.0
0.4
0.8
0.4
-0.75
0.5
-0.75
0.8
-0.75
-0.5
0.0
0.3181818181818182
0.7
0.0
0.8
0.35
0.7
0.7
0.1
-0.25
0.5666666666666668
0.7
-0.75
0.0
0.7
-1.0
0.7
0.5
-0.75
-0.75
-0.8
0.4375
-0.8
0.0
-0.3888888888888889
0.0
0.65
0.4
0.0
-0.75
0.13333333333333336
-0.75
0.35
0.7500000000000001
0.35416666666666663
-0.2
-0.8
-0.8
-0.125
0.1875
0.5666666666666668
-0.15625
0.7
-0.8
-0.8
0.4
-0.8
0.4
0.10357142857142858
0.0
0.5
0.1
-0.4
-0.75
-0.75
-0.5
0.5
-0.8
0.55
-0.6375
-0.75
-0.75
-0.75
0.4
-0.125
0.3
-0.75
-0.125
0.12232142857142858
0.4666666666666666
1.0
0.35
-0.75
-0.5
0.4375
-0.8
-0.8
-0.9
0.7500000000000001
0.125
0.0
-1.0
0.4
0.13333333333333336
0.5
0.0
-0.8
0.0
0.5
0.35
0.55
0.0
-0.4000000000000001
-0.75
-0.5
0.4
0.0
0.7
-0.75
-1.0
0.5666666666666668
0.08333333333333334
0.5
-0.28095238095238095
0.7
0.5666666666666668
0.7
-0.8
0.7
0.35
0.0
-0.8
0.4
0.5
0.4
0.4
0.0
0.1
0.325
-0.125
0.0
0.13
0.3952380952380952
0.4
-0.875
0.9099999999999999
-0.75
0.7
-0.05
0.6499999999999999
-1.0
1.0
-0.3888888888888889
0.7
-0.125
0.0
-0.125
0.65
0.3
-0.05
0.4
-1.0
-0.5
0.0
-0.125
0.5666666666666668
0.25333333333333335
0.0
1.0
-0.34375
-0.5
-1.0
0.13333333333333336
-0.75
0.0
0.0
-1.0
0.65
0.125
-0.75
0.4375
0.0
0.25
0.0
0.5666666666666668
-0.75
0.13333333333333336
0.3898989898989898
0.0
0.7
0.0
0.0
-0.16666666666666669
-0.28099999999999997
-0.5
0.0
-0.125
-0.3791666666666667
-0.75
0.5
0.6
-0.75
0.0
0.0
-0.2
0.0
0.7
0.4000000000000001
0.5666666666666668
-0.4000000000000001
0.16666666666666666
-0.3333333333333333
0.0
0.7
0.125
0.4
-0.75
-1.0
-0.75
-0.8
-0.3125
0.0
0.0
-0.75
-0.3333333333333333
0.7500000000000001
-0.5
0.7
0.1
-0.5
-0.5
0.0
1.0
-0.5
0.0
-0.75
0.0
-1.0
0.1
0.0
0.4000000000000001
0.25
0.5666666666666668
0.5666666666666668
-0.125
0.6
-0.75
0.11388888888888889
-0.3333333333333333
0.0
0.375
0.05
-0.125
-0.15625
-0.8
0.3
0.1
-1.0
-0.8
0.35
0.7
-0.75
0.25
0.125
0.3
0.75
0.6
0.0
0.0
0.0
-0.75
-0.75
0.0
0.1
-0.5
1.0
0.16666666666666666
-0.125
-0.5
0.1
0.125
0.6
0.325
0.25
-0.8
-0.125
0.0
0.0
0.0
-1.0
0.6
-0.5
-0.3779296875
0.0
-1.0
-0.14358974358974355
-0.033333333333333326
-0.75
0.28125
-0.8
0.1
0.4
-0.8
-0.8
0.0
-1.0
-0.5
0.7500000000000001
-0.3333333333333333
-0.25
0.21428571428571427
-0.6
-0.6
0.375
0.26944444444444443
0.13333333333333333
-0.15
0.0
0.7500000000000001
-0.75
0.0
0.7500000000000001
0.5208333333333333
0.033333333333333326
0.7500000000000001
0.48148148148148145
-0.1
0.4
0.0
-0.8
-0.75
0.0
0.5666666666666668
0.3
0.8
0.1
-0.15625
0.125
-0.5
-0.5
0.65
-0.045
-0.0666666666666667
0.3333333333333333
-0.875
0.8
-1.0
0.5666666666666668
0.0
-0.75
-0.13333333333333333
-0.6375
0.5
-0.4
-0.5518518518518519
0.8
-0.3125
0.0
0.4
-0.5
0.4375
0.0
-0.5
0.2818181818181818
-0.016666666666666663
-0.19642857142857142
0.7
0.7
-0.75
0.033333333333333326
0.0
-0.875
0.21428571428571427
0.8
-0.5
-0.21666666666666667
-1.0
0.21428571428571427
-0.14999999999999997
-0.2
-0.15
-0.75
0.4
0.35
0.0
0.25
0.7
-0.5
0.7
0.3111111111111111
-0.75
0.1
-0.16666666666666669
-0.16666666666666669
0.13333333333333336
-0.075
-0.8
-0.8
0.6
0.8
-0.4
0.0
-0.26666666666666666
0.0
0.65
0.16666666666666666
-0.10000000000000003
-0.43333333333333335
-0.8
0.5666666666666668
0.1
0.7
0.5
0.8
-0.75
0.7
0.4000000000000001
0.5
0.1
0.7
0.25
0.09999999999999999
-0.8
0.4000000000000001
0.13333333333333336
0.7
0.25
0.5
-0.125
-1.0
-0.75
0.0
0.5666666666666668
0.5
0.0
0.1
0.0
0.5
-1.0
0.4
0.0
0.0
-1.0
0.36
-0.525
0.16666666666666666
0.0
0.1
0.0
0.0
0.7
-0.5
-0.75
-0.425
0.0
0.35
-0.9375
0.1
0.1
-1.0
0.5
0.25
-1.0
-1.0
-0.75
0.4
-0.75
-0.6
-0.75
0.7500000000000001
-0.75
-0.75
0.125
0.0
0.25
-0.75
0.0
-0.5333333333333333
-0.8
-0.75
0.8
0.16666666666666666
0.65
-0.21666666666666667
-0.8
-0.21666666666666667
0.65
-0.75
0.3333333333333333
0.0
0.13333333333333336
0.25
0.5
-0.3125
-0.8
0.75
-0.4791666666666667
-0.21666666666666667
0.6
1.0
0.3111111111111111
-0.5
0.8
0.0
0.5
-0.21666666666666667
-0.5
-1.0
-1.0
-0.5
-0.04999999999999999
0.25
0.9
0.5666666666666668
-0.09062500000000001
-0.21666666666666667
0.3333333333333333
1.0
-0.125
-0.75
0.65
0.125
0.16666666666666666
0.5
-0.21666666666666667
0.375
-0.75
-0.1
0.5666666666666668
0.03333333333333336
0.04999999999999999
-0.6999999999999998
-0.8
-0.8
0.4
0.25
-1.0
0.8
0.4166666666666667
0.8
-1.0
-0.8
0.5
-0.75
0.13333333333333333
1.0
0.8
0.375
0.25
0.16666666666666666
0.25
0.25
0.4000000000000001
0.0
0.4166666666666667
0.4166666666666667
-0.5
0.45
-0.125
0.0
1.0
-0.3055555555555556
-0.75
0.0
0.3333333333333333
-1.0
0.0
-0.75
0.25
0.7
0.7500000000000001
-0.1
-0.8
0.0
-0.125
-0.6
-0.8
0.4166666666666667
-0.0666666666666667
-0.6999999999999998
0.3333333333333333
0.0
0.7
0.0
-1.0
0.16666666666666666
-0.3055555555555556
0.0
-0.75
0.7
-0.4791666666666667
0.4166666666666667
0.19999999999999998
0.6
-0.10000000000000003
0.375
0.0
0.0
0.6
0.0
0.6
0.25
0.8
0.5
0.55
0.6
-0.125
0.6
0.4166666666666667
0.6
-0.5
-0.75
0.35
-0.8
-1.0
0.65
-0.4000000000000001
-0.15833333333333335
-0.8
-0.3125
0.7
0.3333333333333333
-0.25
0.0
0.17500000000000002
0.3
-0.8
0.0
0.6
0.85
-0.21666666666666667
0.16666666666666666
0.0
-0.8
-0.21666666666666667
0.25
0.3125
0.1
-0.33333333333333326
-0.21666666666666667
0.5666666666666668
-0.16666666666666669
0.21666666666666667
0.8
0.7
0.3
0.9
0.3333333333333333
0.0
-0.8
0.0
-0.21666666666666667
-0.15000000000000002
0.3333333333333333
-0.21666666666666667
0.3333333333333333
0.4166666666666667
0.0
0.6
0.2916666666666667
0.8
-0.75
0.3125
0.3333333333333333
0.3333333333333333
0.6
-0.75
0.6
-0.75
0.15000000000000002
0.7
-0.8
-0.75
-0.21666666666666667
0.43333333333333335
-0.21666666666666667
0.5
-1.0
0.55
0.13333333333333333
0.3333333333333333
-0.21666666666666667
-0.8
-0.46875
0.8
0.6
0.6
-0.21666666666666667
0.15000000000000002
-0.25
0.5666666666666668
-0.21666666666666667
-1.0
1.0
0.5
0.0
0.6
0.3333333333333333
0.15000000000000002
0.6
0.6
0.6
-0.21666666666666667
0.6
-1.0
-0.8
0.5666666666666668
-0.21666666666666667
0.375
-0.25
0.6
0.65
0.2333333333333333
-0.75
0.15000000000000002
-0.21666666666666667
0.0
0.3333333333333333
1.0
-0.21666666666666667
0.5
-0.25
0.04999999999999999
0.6
-0.45
0.6
-0.033333333333333326
-0.21666666666666667
0.0
0.9
0.3333333333333333
0.6
0.45
-0.25
-0.25
-0.21666666666666667
0.3333333333333333
1.0
-0.6
-0.16666666666666669
-0.21666666666666667
0.4
0.5666666666666668
0.3333333333333333
0.6
0.6
0.6
0.48148148148148145
-0.75
0.6
1.0
-0.8
-0.21666666666666667
0.8
-0.8
0.5
-0.21666666666666667
-0.8
0.16666666666666666
-0.1
0.6
0.5666666666666668
0.65
-0.75
-0.21666666666666667
0.0
0.0
0.85
0.5666666666666668
-0.21666666666666667
0.3333333333333333
0.0
0.7
-0.75
0.0
0.0
-0.21666666666666667
-0.75
0.7
0.3333333333333333
0.36190476190476195
0.4
0.22500000000000003
-0.6
-0.25
-0.3
0.5666666666666668
0.7
0.375
0.0
0.2
0.0
-0.125
0.33854166666666674
0.6
-0.3055555555555556
0.7
0.0
0.0
0.16666666666666666
0.6
-0.3
0.6
0.0
0.0
0.6
0.3
-0.8
0.4166666666666667
-0.6999999999999998
0.6
-0.4000000000000001
1
.2
0.5
0.5
0.5
0.5
0.5
0.5
0.5
0.5
0.5
002
0.5
0.5
0.5
0.1
0.1
0.3
0.6
0.4
0.5
0.5
0.56
0.56
00.5
0.5
0.4
0.4
0.2
0.4
0.3]
0.1
0.5
-0.10000000000000005
0.5
0.1621212121212121
-0.7
0.4000000000000001
1.0
0.7
0.8125
0.4000000000000001
0.1277777777777778
0.2852272727272727
-0.6
-0.7999999999999999
-0.7999999999999999
0.325
-0.7
-0.4
1.0
0.32999999999999996
0.4
0.375
0.0
0.8
-1.0
0.4000000000000001
0.5
0.40714285714285714
0.13333333333333333
-0.45
0.25
0.8
0.4375
0.125
-0.3888888888888889
0.35
0.35
-0.45
0.1
1.0
0.4375
0.0
0.9099999999999999
0.9
-0.5
1.0
0.7
0.6
0.875
0.5
0.375
0.35
0.0
-0.3333333333333333
0.5
0.6
0.5
-1.0
0.5
0.1
-1.0
0.375
0.4
-1.0
-0.15000000000000002
0.7
0.25
1.0
0.5633333333333334
0.6
-0.45
-1.0
0.25
0.8
0.35
0.34375
0.5
0.0
-0.45
0.25
1.0
-0.35000000000000003
-0.8
0.8
-0.5
0.18333333333333335
0.16666666666666666
-0.45
0.375
1.0
1.0
0.5
0.43333333333333335
-0.75
0.0
0.0
0.13333333333333333
0.8
0.4
0.2852272727272727
-0.16666666666666666
-0.45
-0.8
0.3416666666666667
0.4
1.0
0.14285714285714285
-0.5
-0.45
0.6
0.85
0.375
-0.45
-0.5
0.5
-0.45
-0.25
0.25
-0.45
-0.5
0.125
0.4
-0.25
-0.45
0.8
-0.45
-0.7999999999999999
0.0
-0.5
0.5
1.0
0.8
-0.65
0.5666666666666668
0.2852272727272727
0.14285714285714285
0.8
0.375
0.40714285714285714
0.40714285714285714
-0.6
1.0
0.1621212121212121
-0.6999999999999998
0.625
-0.033333333333333326
1.0
0.5
-0.45
0.6
-0.3333333333333333
0.4
0.1
-0.25
0.8
-0.5
-0.6
-0.45
1.0
-0.45
0.4
0.46875
0.4
0.5666666666666668
-0.45
-0.041666666666666664
0.4
0.375
0.5
-0.3
-0.5
0.0
-0.3333333333333333
0.0
-0.5
-0.1953125
-0.25
-0.45
0.0
0.6166666666666667
0.4000000000000001
-0.03571428571428571
0.2852272727272727
-0.5458333333333334
0.5
0.5666666666666668
-0.3888888888888889
-0.6
0.4
0.6
0.0
-0.8
1.0
-0.5
0.0
0.4
0.21666666666666667
0.6
0.041666666666666664
0.0
0.8
0.0
-0.78125
0.041666666666666664
0.40714285714285714
-0.45
-0.3888888888888889
0.7
0.0
-0.5
0.0
0.0
0.4
-0.45
-0.041666666666666664
0.0
-0.5
-0.45
0.0
-0.45
-0.4000000000000001
0.8
0.34375
0.5666666666666668
0.375
-0.45
0.375
-0.45
-1.0
0.5
0.0
-0.8
1.0
0.0
-0.7999999999999999
-0.45
0.21666666666666667
0.16666666666666666
0.4166666666666667
-0.45
0.4000000000000001
0.2852272727272727
0.375
0.0
0.0
0.0
0.65
0.4
-0.5
-0.5
0.625
-0.15714285714285714
-0.5
1.0
0.4
0.30000000000000004
0.6
0.34375
0.75
-0.45
0.0
0.5
0.4
0.7
0.7
0.32999999999999996
-0.125
0.35
0.0
0.041666666666666664
0.5633333333333334
1.0
-0.45
0.375
0.2852272727272727
0.9099999999999999
-0.45
0.0
0.5
0.0
0.0
-0.5
-0.45
0.34375
-0.5
0.0
1.0
0.65
0.375
0.125
-0.5
-0.25
-0.45
0.3
0.375
0.4
-1.0
0.5
0.0
-0.45
-0.5
0.4166666666666667
0.8
-0.3333333333333333
0.1
0.14583333333333334
0.4
-0.5
-0.5
0.0
0.0
0.0
0.375
-0.7999999999999999
-0.10714285714285715
0.4
-0.5
0.6
0.0
0.04999999999999999
0.7
-0.45
-0.125
-0.3333333333333333
0.30000000000000004
-0.45
-0.7
0.3333333333333333
0.5666666666666668
0.0
0.25
0.8
-0.5
-0.25
-0.45
0.8
0.5666666666666668
-0.2
1.0
-0.07777777777777779
0.0
0.0
0.3
0.5
-0.125
0.3333333333333333
-0.625
0.5
0.375
-0.5625
-0.45
1.0
1.0
-0.5
0.5
0.3125
0.375
0.0
-0.5
0.8
0.5
0.5
0.5
0.3375
-0.6
0.8
0.041666666666666664
0.8
0.0
0.35
1.0
0.0
-0.08333333333333333
0.2
-0.6
0.375
-0.125
0.4
0.5
0.1277777777777778
0.8
0.625
0.8
0.40714285714285714
0.6
0.8
0.4000000000000001
-0.25
0.16666666666666666
-0.09444444444444444
-0.125
-0.45
0.0
0.375
-0.4
0.8
0.375
1.0
0.7
0.5
-0.45
-0.7
0.2
-0.8
-0.45
-0.2
-0.05000000000000001
-0.45
-0.05833333333333333
0.5
0.52
0.375
0.5
0.6
0.5
-0.45
0.8
0.5
0.5
0.0
0.06818181818181818
0.5
0.5
1.0
-1.0
0.2852272727272727
0.5666666666666668
0.125
0.0
-0.5
-0.625
0.0
1.0
0.1
0.1
0.5
-0.65
-0.45
-0.4
0.4
0.1
0.0
0.375
0.0
0.5
1.0
0.5
0.375
0.04999999999999999
0.5
-0.6
1.0
0.5
0.5
0.5
0.5
0.5
0.5
0.5
0.5
0.5
-0.6
0.5
0.5
0.5
-0.3888888888888889
0.5
-0.45
0.5
0.0
-1.0
0.2852272727272727
0.5
0.7
0.0
0.5
-0.45
0.5
0.5
0.5
0.5
0.4
0.5666666666666668
0.5
0.5
0.5
0.5
0.5
0.0
0.4
1.0
0.5
0.4
0.4
0.16666666666666666
0.5
0.5
0.4
0.4
0.4
0.4
0.5
0.4
0.4
0.0
0.0
0.5
0.5
0.5
0.4
0.4
0.8
0.4
-0.5
0.5
0.30000000000000004
0.4
1.0
-0.45
0.6
0.4
0.5
0.4
0.7
0.5
0.4
0.8
0.5
0.4
0.4
0.5
0.5
0.5
1.0
-0.6
0.375
0.4
0.4
0.5
0.4
0.4
0.4
0.0
0.4
0.5
0.5
0.5
-0.7
0.5
0.5
0.1
0.5
0.5
0.5
-0.45
0.4
0.4
0.7
0.4
0.5
0.5
0.5
0.4000000000000001
0.4
0.5
0.4
-0.2
0.4
0.45
0.0767195767195767
0.4
0.4
0.4
0.4
0.30000000000000004
0.4
0.6
0.1
0.0
0.4
0.4
0.4
0.5
0.5
0.5
0.4
0.4
0.5
0.5
0.25
0.4
0.5
0.5
0.5
0.5
0.0
0.4
0.5
0.4
0.0
-0.75
0.8
0.4
0.4
0.4
0.4
0.4
0.0
0.6
0.0
0.5
0.5
0.5
0.5
0.5
0.4
0.4
0.4
0.5
0.5
0.4
0.5
0.5
0.5
0.5
0.4
0.4
0.5
0.0
0.5
-0.45
0.5
0.5
0.0
0.5
0.14999999999999997
0.5
0.5
0.4
0.5666666666666668
0.5
-0.05833333333333333
-0.45
0.0
0.7
0.35
0.5666666666666668
0.5
0.4
-0.45
-0.7
0.4
0.4
0.5
0.5
0.5
0.4
0.640625
0.4
0.4
-0.2333333333333333
0.5
0.0
-0.2333333333333333
-0.45
-0.6
0.41111111111111115
0.5
0.39285714285714285
0.5
0.5
0.4
0.25
0.0
0.4
0.4
0.5
0.5
0.5
0.4
0.5
0.125
0.5
-0.022222222222222216
0.2107142857142857
0.5
0.1
0.0
0.5
0.4681818181818182
0.5666666666666668
0.4
-0.4
-0.45
-0.75
0.0
0.4
0.4
0.5
0.0
0.5
0.0
0.4
0.4
0.5
0.5
0.4
0.8
-0.05833333333333333
0.4
0.9
0.4
0.06818181818181818
0.5
-0.3333333333333333
0.2107142857142857
0.5
0.5
0.375
0.4
0.4
0.5
0.5
0.7
0.5
-1.0
0.1
0.375
0.4
0.4000000000000001
-0.7
0.4
0.5
0.5
-1.0
0.9
0.4
0.125
0.7
0.0
0.0
-0.6
0.5
0.5
0.4
0.5
0.4
0.0
0.35
0.17857142857142858
0.5
0.4
0.4
0.5
0.4
0.5
1.0
0.5
0.4
0.5
0.5666666666666668
0.5
0.4
0.0
0.8
0.4
0.4
0.5
0.4
0.4
0.0
0.5
0.5
0.4
0.2916666666666667
0.5
0.4
0.4
0.5
0.5
0.041666666666666664
0.0
0.4
0.5
0.0
0.0
0.4
0.425
0.5
0.4
0.11212121212121211
0.30000000000000004
0.4
0.5
0.2852272727272727
-0.2333333333333333
0.5
0.5
0.75
0.5
0.0
0.4
0.4
-0.5
0.4
0.16666666666666666
0.2
0.5
0.2852272727272727
0.1
-0.0666666666666667
0.4
0.5
0.5
0.4
0.5
-0.125
-0.8
0.375
0.25
0.375
0.35
0.5
0.5
-0.45
0.625
-0.3333333333333333
0.375
0.5
-0.45
0.5
0.5
0.5
0.4
0.5
0.4
-0.5
0.4
0.2852272727272727
-0.05833333333333333
0.4
0.4
0.9
0.0
0.375
0.0
0.5
0.0
0.5
0.0
0.5
0.5
1.0
0.4
0.4
0.5
0.5
-0.45
-0.2
0.4
0.6
0.5
0.1
0.0
0.0
-0.45
-0.5
0.5
-0.75
0.7
0.3125
0.4
0.5
0.5
-0.5
0.7
0.5
0.0
0.5
0.041666666666666664
-0.3333333333333333
0.0
0.0
0.4
0.4
0.5
-0.5
0.4
0.15000000000000002
0.3
0.4
0.5
-0.6999999999999998
0.4
0.4
0.6
0.5
0.5
0.19999999999999998
0.5
1.0
0.6
0.5
0.0
-0.5
0.45
0.4
0.7
0.5
0.4
0.5
0.4
0.5
0.5
0.5
0.5
0.4
0.5
0.4
0.4
-0.45
0.125
0.06818181818181818
0.0
0.23958333333333337
0.0
0.4
0.5
0.4
0.35
0.0
-0.45
0.5
0.5
0.0
0.375
0.35
0.375
0.35
0.5
0.35
0.07777777777777779
0.5
0.0
0.4
-0.45
0.5
0.35
-0.5
-0.5
-0.041666666666666664
0.5
0.4
0.4
-0.041666666666666664
0.5
0.5
0.4
-0.5
-0.5
0.5
0.6
-0.6143518518518519
-0.5
0.2852272727272727
0.5
0.4
0.4
-0.45
-0.22499999999999998
0.35
0.5
-0.5
0.4
0.25
0.5
0.5
0.4
0.4
0.4
-0.5
-0.45
0.1
0.9099999999999999
-0.45
-0.14444444444444443
0.2
0.5
0.5
0.5
-0.125
0.0
0.04999999999999999
0.35
0.4166666666666667
0.5
-0.6143518518518519
0.5
-0.5
0.35
0.4
0.4000000000000001
1.0
0.3666666666666667
-0.4083333333333334
0.2852272727272727
-0.7999999999999999
0.4
0.0
0.16666666666666666
0.4
0.0
0.6
-0.45
-1.0
0.2
-0.45
0.2852272727272727
0.375
0.0
0.35
0.6
0.0
0.0
0.6166666666666667
0.5
0.5
0.2852272727272727
0.8
0.7
0.1
0.4
-0.6
0.4
0.5
-0.2571428571428571
0.5
0.4
-0.45
0.4
0.5
0.5666666666666668
0.0
0.4
0.35
0.5
0.4
0.2852272727272727
0.5
-0.6
0.4
0.5
0.5
0.4
0.375
0.75
0.2852272727272727
0.1
0.4
0.6
0.6
0.5
0.4
0.3181818181818182
0.5
0.4
0.6
0.4
0.0
-0.5
-0.5
0.4375
1.0
0.640625
0.4
0.4
-0.22499999999999998
0.4
0.6
1.0
-0.5
0.4
0.35
0.0
-0.10714285714285715
0.5
0.5
0.6
0.5
0.5
0.5
0.1
0.5
-1.0
0.5
0.8
0.34375
-0.25
-0.45
0.35
0.4375
0.5
1.0
0.4
-0.45
0.4
0.5
0.4
0.5
0.043181818181818175
-0.45
-0.4083333333333334
0.5
0.5
-0.5
0.18333333333333335
0.041666666666666664
-0.4
0.7
0.35
1.0
-0.125
0.35
0.4
0.7
0.4
0.6
0.5633333333333334
0.018750000000000017
0.4
-0.15625
0.041666666666666664
-0.05833333333333333
0.5
0.4
0.48000000000000004
-0.4083333333333334
0.4
-0.05833333333333333
-0.5
0.5
0.4
0.04148148148148149
0.5
0.5
0.8
0.5
0.4
0.0
0.4
0.4
0.16666666666666666
0.09999999999999999
0.35
0.5
-0.5
0.0
0.5
0.5
-0.4083333333333334
0.2852272727272727
0.041666666666666664
0.0
0.4000000000000001
0.15
0.5
0.4
-0.25
-0.5
0.5
0.4
0.4
0.32999999999999996
0.5
0.35
-0.45
-0.45
0.1
0.7
0.5
-0.025000000000000022
0.5
0.8
0.5
-1.0
-0.7
0.5
0.4
0.4
0.35
0.375
0.85
0.6734375
0.05
0.5666666666666668
0.5666666666666668
0.4
0.05000000000000001
-0.1
0.5
0.0
0.2107142857142857
0.4
0.043181818181818175
-0.5
0.4
0.0
-0.45
0.4
0.14999999999999997
0.4
0.8
0.5
0.4
0.5
1.0
-0.125
0.6
0.0
0.04999999999999999
0.5
-0.125
0.5
0.0
0.4
0.5666666666666668
0.35
0.1277777777777778
0.0
-0.45
-0.5
0.4
0.5
0.5
0.13809523809523808
-0.11666666666666664
0.0
-0.5
0.5
0.5
0.375
0.125
0.23839285714285713
0.5
0.4
0.9
0.35
0.625
-0.45
0.4
0.35
0.4
0.0
0.1
0.1
0.5
0.4
0.5
0.4
0.4
0.4375
-0.5
0.5
0.4
0.5
0.5
0.0
0.13809523809523808
0.5
1.0
-0.19999999999999998
0.4
-0.45
0.75
0.0
-0.25
0.5
0.4
0.3
0.4
0.2107142857142857
0.5
0.35
0.375
0.25
0.7
0.5
0.4
0.4
0.6
0.0
0.5
0.0
0.5
-0.125
0.5
0.4
0.5
0.0
0.625
-0.3333333333333333
-0.45
0.35
0.5
0.8
0.5666666666666668
0.4
0.4
-0.15
0.4
0.5
0.625
0.4
0.4
0.13333333333333333
-0.3
0.5681818181818181
0.0
0.5
-0.6
0.4
-0.7
0.5
-0.6
0.5
0.0
-0.175
0.4
-0.7
0.5
0.0
0.34375
0.4
0.5666666666666668
-0.5
-0.75
0.5
0.35
0.5
0.5
0.5
-0.375
0.2
-0.45
0.375
0.4
0.25
0.4
0.4
0.5
0.4
0.4
-0.3
1.0
0.5
-0.7
1.0
0.1
0.04999999999999999
0.2852272727272727
0.5
0.40714285714285714
0.375
0.5
0.5
0.1
0.6
-0.4375
0.375
0.0
-0.6
0.4
-0.45
0.125
0.18333333333333335
0.2852272727272727
0.7
0.6
0.26666666666666666
0.4
-0.7142857142857143
-0.02976190476190474
0.0
-0.45
0.5
0.5
0.35
0.3181818181818182
-0.2
0.6
0.0
1.0
0.20999999999999996
0.5
0.4
0.0
1.0
0.5
0.78125
0.16666666666666666
0.5
-0.31666666666666665
0.4
0.3
0.43333333333333335
0.5
0.625
0.0
0.4
0.4
0.4
-0.75
0.5
0.8
0.9
0.5
1.0
0.5
0.0
0.0
0.4
-0.4
0.5
0.4
0.7166666666666667
-0.5555555555555555
0.4
0.4
0.7
0.5
0.05
0.5
0.5
0.7
0.0
-0.5
0.26666666666666666
0.0
0.2
0.4
0.05000000000000001
0.4
0.4
0.35
-0.45
-0.024999999999999994
0.4
0.4
0.42500000000000004
-0.5
0.6
0.4
0.4
0.0
-0.7
0.45
0.25
0.4
0.8
0.0
0.4
0.025
0.5
0.5
0.2852272727272727
0.5
0.65
-0.125
-0.45
0.35
0.20625
0.5
0.4
0.0
0.5
-0.45
-0.45
0.09999999999999998
0.5
-0.625
0.4375
0.5
0.0
0.35
0.5666666666666668
0.2852272727272727
0.4
0.4
-0.7999999999999999
0.5
0.0
-0.041666666666666664
0.45714285714285713
-0.4083333333333334
0.375
0.4
0.4
-0.1875
0.2
0.4
0.125
0.1
-0.25
0.5
0.0
0.1
0.2107142857142857
0.35
0.4
0.4
0.4
-0.625
-0.7
0.35
0.0
0.5
0.6
0.025
0.6
0.125
0.5
0.5
0.5
0.5
0.2
0.5
0.5
0.1
0.4
-0.25
0.0
-0.45
0.125
0.8
0.4
0.4
0.5
0.5
-0.625
0.4
0.7
0.4333333333333333
0.5
0.4
0.5
0.03749999999999998
0.0
0.4
0.5
0.5
-0.7999999999999999
1.0
0.6
0.8
0.5
0.0
0.5
0.0
0.5
0.0
0.48000000000000004
0.5
0.4
0.1
0.13333333333333333
0.5
0.4
0.4
0.35
0.4
0.375
-1.0
0.4
0.375
0.5
0.5
-0.6
0.5
0.2
-0.3333333333333333
0.4
0.4
0.5
-0.5111111111111111
0.2107142857142857
0.14285714285714285
0.5
0.0
0.4
0.09999999999999998
0.5444444444444444
-0.2
0.0
0.5666666666666668
0.0
-0.125
-1.0
0.5
-0.7
0.5
0.6
0.4
0.35
0.4
0.7
-0.25
1.0
0.5
-0.8
0.0
-0.5
0.5
0.2852272727272727
-0.5
0.2852272727272727
-0.3333333333333333
0.0
1.0
0.5
-0.45
0.5
0.125
0.0
-0.45
0.375
0.4
-0.022222222222222216
0.0
0.5
-0.25
0.40714285714285714
0.5
0.5
0.5666666666666668
0.4
0.016666666666666677
0.5
0.375
0.35
0.0
1.0
0.5
0.375
0.5
0.35
-0.45
0.8
0.4
0.5
-0.5
0.0
-0.2708333333333333
0.325
0.0
0.365625
0.4
0.25
0.625
0.4
0.1
-0.0625
0.15000000000000002
0.9
-0.3779296875
0.5166666666666667
0.5666666666666668
1.0
0.4
0.5
0.4
0.45
0.1277777777777778
-0.5
-0.3
0.5
0.43333333333333335
0.75
0.5
0.5
0.5
0.0
0.45
0.4
0.5666666666666668
-0.5
1.0
0.1
0.34375
0.5
0.0
-0.45
0.0
0.0
0.4
0.0
0.45499999999999996
-0.4083333333333334
0.5
0.7
0.5
0.6
-0.25
0.5
0.5666666666666668
0.5
-0.45
-0.22499999999999998
0.2852272727272727
0.5
0.3
0.5
0.03749999999999998
0.5
0.875
0.14285714285714285
0.4
0.4
0.5666666666666668
-0.25
-0.4
-0.10714285714285715
0.125
0.5
-0.45
0.5499999999999999
0.16666666666666666
0.4
-0.05714285714285716
0.5
0.8
0.4
-0.5
0.55
0.8
0.0
0.5
0.5
0.09999999999999995
-0.22499999999999998
0.35
-0.45
1.0
0.2
0.5
0.4
0.0
0.4
0.35
0.4
-0.3
-0.10714285714285715
0.0
0.0
0.4
-1.0
-0.022222222222222216
0.04999999999999999
-0.5
0.5
-0.45
0.5
-0.6999999999999998
0.55
0.40714285714285714
0.8
0.65
0.5
0.2
0.4833333333333334
0.4
0.40714285714285714
0.4
-0.45
0.35
-0.45
0.0
0.5
0.5
0.5
0.6
0.5
0.35
0.7
0.75
0.5
0.65
0.5
0.3
0.5
-0.10714285714285715
-0.6999999999999998
-0.45
-0.125
-0.6999999999999998
0.5
-0.4
-0.45
0.4
0.5
-0.6999999999999998
0.5
0.0
0.2852272727272727
1.0
0.5666666666666668
0.8
0.04999999999999999
0.0
0.35
0.4
0.5
-0.4
-0.4
0.0
-0.1
-0.3
0.5
-1.0
0.4
0.5
0.4
0.4
0.0
0.0
0.75
0.5
0.1
0.14999999999999997
0.6
-0.9099999999999998
0.35
-0.55
0.4
0.4
0.2
0.07500000000000001
0.04999999999999999
0.4
0.1
0.3333333333333333
0.35
0.5
0.125
-0.45
-0.5375
0.375
1.0
0.4
0.5
0.0
0.35
0.5
0.5666666666666668
0.7
0.0
0.16666666666666666
0.5666666666666668
0.5
0.1
0.0
0.0
0.0
0.5
0.4
1.0
0.4
0.475
0.4
-0.45
0.5
0.48333333333333334
1.0
-0.025
-0.6999999999999998
0.5
-0.125
0.3181818181818182
0.0
0.5
0.375
0.5
1.0
0.5
0.3333333333333333
0.6
-0.041666666666666664
-0.45
0.5
0.5
0.8
0.0
0.4
0.4
0.5
0.4
-0.125
0.5
0.5
-1.0
0.4
0.4
0.7
0.6
-0.39166666666666666
0.4
-0.14999999999999997
-0.1
0.4
0.4
-1.0
-0.5
0.4
-0.7333333333333334
0.0
0.4
-0.3
0.5
0.5
1.0
0.1
0.5
0.4
0.4
0.4
0.8
0.5
0.6
0.1
0.6299999999999999
0.4
0.39
1.0
0.5
0.5
0.13333333333333333
0.0
0.5
0.55
0.5
0.0
0.2852272727272727
0.5
0.5
0.5
0.4
0.025
0.5
0.4
0.5
0.8
0.5
0.5
1.0
0.35
0.0
0.6
0.0
0.4
0.4
0.5
0.3111111111111111
0.5
0.8
0.5
0.5
-1.0
0.4
0.5
0.8
1.0
0.4166666666666667
-0.3333333333333333
0.5
0.4
0.5
0.375
0.11666666666666665
0.35
0.8
0.6299999999999999
-0.45
0.0
0.2852272727272727
-0.5
0.4
0.5
0.5
0.42500000000000004
0.0
0.4
0.875
-0.45
0.9
0.0
1.0
0.6
0.4375
0.8
0.0
0.5
0.5
0.4
0.0
0.4
0.32857142857142857
0.5
-0.8
0.5
-0.0666666666666667
0.8
0.5
0.14285714285714285
0.5
-0.45
1.0
0.5
0.4
0.0
0.0
0.5
0.0
0.4
0.5
0.0
0.5
0.5
0.4
0.5
0.5
1.0
0.5
0.0
0.4
0.55
0.7
-0.5
0.35
0.48000000000000004
0.5
0.5
0.4
0.5
0.6
0.375
0.4
0.5
0.0
-0.02976190476190474
0.3666666666666667
0.5
0.5666666666666668
0.1
0.5
0.0
0.0
0.5
0.25
-0.5
0.4
0.0
0.11666666666666665
0.0
0.4
0.55
0.4
0.0
-0.45
0.0
0.5
0.4
-0.1875
0.04999999999999999
-0.7
0.0
0.625
0.375
-0.4
1.0
-0.18181818181818182
-0.5
0.0
0.5666666666666668
0.0
0.6
1.0
0.3
0.5
0.0
0.5
0.5
0.2852272727272727
0.4
0.5
0.55
0.4
-0.5
-0.5
0.5
0.0
0.4
0.0
0.3333333333333333
0.8
0.0
-0.2333333333333333
0.0
0.4
0.4
0.35
-0.5
0.0
-0.05
-0.16666666666666669
0.1
0.0
0.5666666666666668
0.7
0.5
-0.5
0.0
0.4
0.5
0.04999999999999999
0.5
0.25000000000000006
0.65
-0.5
0.8
0.5
0.55
0.0
0.3
1.0
-0.4
0.375
0.5
0.3
0.5666666666666668
0.0
0.4
-0.5
-0.6
-0.5
-0.4
0.2852272727272727
-0.5
0.0
-0.5
-0.6666666666666666
0.0
0.525
0.375
0.0
-0.25
0.4
0.5
0.5
0.4
0.2785714285714286
0.375
-0.5
-0.5
1.0
0.5
-0.02976190476190474
0.03148148148148148
-0.3
-0.2569444444444444
0.5
0.4
0.4
1.0
0.11212121212121211
0.8
0.5
0.4
1.0
-0.8
1.0
0.55
-0.5
0.4
0.4
0.4
0.2852272727272727
0.4
-0.2
0.4
0.4
0.9
-0.375
0.3125
0.5
0.5
0.5
0.5
-0.35
0.35
-0.22499999999999998
0.0
-0.5
0.25000000000000006
0.4000000000000001
-0.5
0.4
0.8
0.1
0.0
-0.5
-0.6
0.4
-0.3
0.6
0.16666666666666666
1.0
-0.125
-0.5
0.2852272727272727
0.4
0.5
0.5
-0.5
-0.45
0.9
0.35
0.5
0.04999999999999999
-0.45
-0.5
0.11666666666666665
0.11666666666666665
-0.5
0.4
1.0
0.5
0.5
0.5666666666666668
0.1
0.4
0.4000000000000001
0.4
0.8
0.5
0.5
0.0
0.4
0.7
-0.5
0.2
0.0
0.35
0.4
-0.6666666666666666
0.05000000000000001
0.55
0.5
0.5
0.5
0.5
0.0
0.2852272727272727
0.5
-0.45
-0.5
0.6
-0.3888888888888889
0.35
0.8
-0.5
0.6
1.0
0.2852272727272727
0.5
0.5
-0.1
-0.4
0.0
0.5
0.5
1.0
0.45
0.4
0.5
0.35
0.5
0.8
0.4
-0.5
-0.45
-0.45
0.5
0.5
0.0
-0.5
0.4000000000000001
0.4
-0.25
0.5
-0.6
0.9
0.5
0.5
0.4
0.3333333333333333
1.0
-0.5
0.5
-0.4
-0.4
0.5
0.0
-0.125
0.5
0.5
0.4000000000000001
-0.25
-0.22499999999999998
0.4
0.5
1.0
0.4
0.5
0.75
0.5
0.5
-0.5
0.4
-0.5
0.5
-0.6
0.5
0.0
-0.45
0.8
0.30000000000000004
0.0
0.2852272727272727
0.5
-0.5
-0.45
0.4
-0.6
0.5
0.0
0.4000000000000001
-0.5
-0.5
0.5
-0.45
0.2852272727272727
0.1
0.35
-0.5
0.5
0.35
-0.5
0.4
0.6
-0.45
1.0
-0.5
0.5
-0.45
0.4
-0.4
0.4000000000000001
0.0
0.7
0.4000000000000001
-0.4
0.2852272727272727
-0.5
0.5
0.4
0.4
0.4
-0.5
-0.25
-0.5
1.0
0.4
0.5
-0.25
-0.10000000000000003
0.4
0.11666666666666665
0.0
0.625
-0.7999999999999999
0.0
0.0
0.0
0.5
0.5
0.4000000000000001
0.4
-0.4
0.6
-0.7
0.125
-0.75
0.4
-0.5
0.4000000000000001
0.5
0.5
0.5
0.8
-0.6999999999999998
-0.5
0.875
0.0
0.0
0.4
0.5
0.3
0.0
-0.45
-1.0
-0.5
0.65
0.5
0.4
0.3
0.0
0.375
0.4
0.0
0.13333333333333333
0.3333333333333333
-0.5
0.4
0.5
0.5666666666666668
0.4000000000000001
0.325
-0.6999999999999998
-0.5
0.0
-0.45
-0.3333333333333333
0.8
-0.125
0.5
0.4
0.25000000000000006
-0.5
0.2852272727272727
0.6
0.5
0.0
0.4
0.5
0.6
0.4
0.15000000000000002
0.5875
0.4
-0.275
0.7
-0.5
-0.3333333333333333
0.0
-0.2
0.4
0.5666666666666668
0.0
-0.45
-0.45
0.5
0.4
1.0
0.7
0.5
0.3333333333333333
0.3111111111111111
-0.875
0.5
0.5
0.5
0.0
0.5
0.5
0.5
-0.45
0.4
0.0
0.35
0.21666666666666665
0.5
0.4
-0.45
-0.4
0.0
-0.45
0.4
0.5666666666666668
0.5
0.0
0.0
0.4
0.5
-0.5
0.4
0.5
0.0
0.35
0.8
0.8
0.05000000000000001
-0.5
0.5
0.5
0.4000000000000001
0.5
-0.5
-0.7
0.5
0.4
0.0
-0.5
0.75
0.575
1.0
0.5
0.2852272727272727
0.4
0.4
0.7
1.0
0.1
0.4
0.5
0.5
0.5
-0.7
1.0
-0.45
0.4000000000000001
0.25
0.5
0.4
0.4
0.4
0.9
0.5
0.5666666666666668
0.4
-0.5
-0.125
0.125
0.5
0.625
0.8
0.1
0.4
0.0
0.5
0.3
0.13333333333333333
0.8
-0.125
0.5
0.5
0.4
0.0
0.2
0.4
0.4
0.2852272727272727
0.4
-0.8
-0.25
0.5
0.5
0.52
0.8
0.033333333333333326
-0.09880952380952379
0.3375
0.8
0.0
-0.5
0.2
-0.5
0.5
0.4
-0.125
0.4000000000000001
0.5
-0.45
0.0
0.5
-0.45
0.61875
0.5750000000000001
0.0
0.0
0.2852272727272727
0.1
0.5
0.4
0.8
-0.5
0.0
0.4
0.4
0.0
-0.5
0.5
0.4
0.4
-0.125
0.8
0.0
0.4
0.5666666666666668
-0.45
0.5
-0.5
0.4
0.35
0.125
0.4
0.5
0.65
-0.3
-0.5
0.375
0.5
-0.05
0.5
0.26666666666666666
-0.45
-0.1875
0.09999999999999998
0.4
0.16666666666666666
-0.19999999999999998
0.5
0.4
0.6
-0.44999999999999996
0.5
0.6875
-0.45
0.0
-0.45
0.325
0.8
-0.75
0.4
1.0
0.5
0.5
-0.325
-0.02976190476190474
0.5
0.1
0.5
0.6666666666666666
0.5666666666666668
0.4
-0.125
0.4
0.0
0.0
0.5
0.5
-0.45
-0.5
0.2852272727272727
0.0
-0.26666666666666666
0.5
0.0
0.4
-0.45
0.0
0.35
0.5
0.375
-0.45
0.4
0.0
-0.8
0.8
0.0
-0.5
-0.45
0.35416666666666663
0.5
-0.45
0.5
-0.7
-0.0625
-0.4625
1.0
0.5
0.0
0.041666666666666664
-0.25
0.2852272727272727
0.5
1.0
0.5
0.2107142857142857
-0.8
-0.8
0.5666666666666668
-0.5
0.0
0.55
0.4
0.0
0.0
0.3
0.6
0.8
-0.8
-0.45
0.0
-0.45
1.0
0.1
0.3181818181818182
0.0
0.1
-0.8
0.4
0.4
0.625
-0.45
0.35
0.5
0.125
0.125
-0.5
0.0
0.5
1.0
0.625
0.2633333333333333
0.5
0.5
0.7
-0.5
0.3
0.4
0.4
0.4
0.22499999999999998
-0.45
-0.125
0.5
-0.8
-0.5
0.5
0.4
0.15000000000000002
0.5
0.25
0.5
0.4
0.625
1.0
0.4
0.5
0.06666666666666667
0.12000000000000002
0.5
0.8
-0.45
0.26666666666666666
0.0
-0.10714285714285715
0.0
0.5
0.0
-0.6999999999999998
-0.5
0.5
0.0
0.5
-0.6
0.6
0.4
-0.125
0.0
-0.7
0.5
0.34375
0.0
0.48000000000000004
-0.8
0.5
0.4
0.4
0.4
0.125
0.4
0.0
0.42500000000000004
0.0
0.5
0.0
0.25
0.625
1.0
0.5
0.35
0.5
0.6
0.55
0.8
0.0
0.5
0.5
0.5
0.4
0.8
0.3
0.375
0.34375
0.0
0.5
0.04999999999999999
0.6
0.6666666666666666
0.5666666666666668
-0.025
0.4
-0.5
0.5
0.3
0.5
0.34375
0.5
0.0
1.0
0.8
0.5
0.5666666666666668
0.4
0.5
-0.45
-0.45
0.2852272727272727
0.5
0.0
1.0
0.25
0.0
-0.45
0.5
0.2852272727272727
0.125
0.8
-0.5
0.35
-0.4625
0.4
0.43333333333333335
0.4
0.4
0.0
0.0
0.3
-0.45
-0.7
0.8
-0.10000000000000003
0.8
0.1
0.25
0.1
0.4
0.8
0.4
-0.7
0.5
1.0
0.5
0.6
-0.45
0.0
0.3
0.5
0.5
0.44285714285714284
0.4333333333333333
0.5
0.7
0.8
0.0
-0.5625
0.4
0.5
0.34375
0.125
0.4
-0.025
-1.0
0.3
-0.45
-1.0
1.0
0.0
0.0
0.42500000000000004
-0.4
0.5
1.0
0.11212121212121211
-0.8
0.04999999999999999
0.5
0.4
0.125
0.4000000000000001
0.4
0.125
0.5666666666666668
0.04999999999999999
0.5
0.125
-0.45
-0.5
0.7
0.12142857142857141
0.4
0.8
0.1
0.3666666666666667
-0.6375
0.0333333333333334
0.3
-0.01666666666666668
-0.125
-0.7
0.5
0.4
0.4
0.12000000000000002
0.5
0.35
0.1
-0.5
0.0
0.3125
0.1
0.5
0.5
0.4
0.0
0.5
-0.45
0.5
0.34375
0.5
0.8
0.375
0.5
-0.45
1.0
-0.2
0.125
-0.01666666666666668
0.5
0.8
0.35
0.0
0.1
1.0
0.5
0.125
0.65
0.5
0.5
-0.45
0.0
0.4
0.16666666666666666
0.125
-0.45
0.4
0.4
0.4
-0.5625
0.65
-0.2928571428571428
-0.45
0.5
0.45
0.47666666666666674
0.5
0.6
-0.01666666666666668
0.1
-0.022222222222222216
0.5
0.43333333333333335
0.5
0.35
-0.08055555555555555
0.5
-0.7
-0.4
0.45
-0.15
-0.4
0.3
0.4
-0.5
0.1
-1.0
-0.8
0.1
-0.45
-0.25
0.3
-0.5
0.1
0.6
0.65
-0.4
-0.3333333333333333
-0.01666666666666668
1.0
0.9
0.26666666666666666
0.1
0.5
0.4
-0.45
0.5
0.51875
0.0
-0.5
0.16666666666666666
0.8
-0.01666666666666668
0.42500000000000004
0.5
-0.22499999999999998
-1.0
0.5
-0.05
-0.125
0.4
0.1
0.2
0.0
0.5
0.5
0.75
1.0
0.4
0.0
0.0
0.41818181818181815
-0.01666666666666668
0.625
0.4
0.125
0.24166666666666667
0.35
0.5
0.0
0.0
0.2852272727272727
0.0
-0.01666666666666668
0.5416666666666666
0.5
0.1
0.041666666666666664
0.375
0.7
0.375
1.0
0.3
0.8333333333333334
0.125
0.35
-0.01666666666666668
-0.3888888888888889
-0.5
0.4
-0.45
0.8
0.8
0.1
0.4
0.5
-0.45
0.5416666666666666
0.5
-0.45
0.5
0.44999999999999996
-0.125
-0.05
0.4
0.5
0.5
0.8
-0.4625
1.0
0.1
0.8
0.34375
0.375
0.1
0.0
0.125
0.4
0.25
0.0
0.4
0.0
0.34375
0.0
0.0
0.5666666666666668
0.8
0.0
0.1
-0.5
0.5
0.1
0.4
0.6666666666666666
-0.5
0.5
0.375
0.4
0.04999999999999999
0.2852272727272727
-0.01666666666666668
0.6
-0.5
0.35
0.0
0.0
-0.05
0.3
0.0
-0.01666666666666668
0.3
-0.5
0.5
0.1
0.5
0.4
0.1
0.8
0.1
0.2
0.041666666666666664
-0.6
0.0
0.5
-0.05
0.4
0.0
-0.4
-0.05
-0.7
0.8
-0.05
0.35
0.5
0.4
0.1
-0.6
0.5
0.375
0.1
-0.3333333333333333
0.5666666666666668
-0.05
0.4
0.125
0.6666666666666666
1.0
0.0
0.0
-0.05
1.0
0.0
0.3
0.35
-0.2333333333333333
0.3
0.1
0.041666666666666664
0.625
0.04999999999999999
-0.16666666666666666
0.5
0.4
0.0
0.4
0.1
-0.6749999999999999
0.35833333333333334
1.0
0.39999999999999997
-1.0
-0.01666666666666668
0.0
0.8
0.5
0.5
0.5
-0.8
-0.5
0.06000000000000001
0.65
-0.45
-0.2333333333333333
0.35
0.15555555555555559
-0.2333333333333333
0.0
0.8
0.1
0.4166666666666667
0.8
0.35
0.0
0.5
0.5499999999999999
0.0
0.4
0.5
-0.125
0.8
0.0
0.26666666666666666
0.4
0.0
0.5
0.0
0.1346153846153846
0.4
0.1
0.5
-0.5
0.4
-0.5
-0.25
0.4
0.5
-0.45
0.5
0.6
0.5
0.35
0.375
0.6
0.16666666666666666
0.25
0.35
0.0
0.4
0.0
-0.45
0.5
0.5
0.25
0.35
0.0
0.8
0.0
0.8
0.4333333333333333
0.5
0.0
-0.125
0.0
0.1
0.0
0.0
0.4
-0.0022727272727272874
0.7
0.625
-0.05185185185185185
-0.7
0.4
0.35
0.5
0.35
0.7
1.0
0.0
0.0
0.65
-0.125
0.55
0.2916666666666667
0.6
-0.3
0.0
0.0
1.0
0.3666666666666667
0.4
0.5
0.8
0.5
-0.5
0.4
0.0
0.8
-0.15000000000000002
0.42500000000000004
0.0
0.0
0.4
-0.4
1.0
0.0
0.0
-0.10714285714285715
-0.25
0.5
0.0
-0.5208333333333333
0.4
0.0
0.0
0.5
0.0
0.5
0.5
0.0
0.35
0.5
0.0
0.0
1.0
0.5
0.5
0.0
0.5
0.125
0.3666666666666667
0.0
0.0
0.0
0.0
1.0
0.1
0.0
0.0
0.0
0.48750000000000004
-0.6
0.8
1.0
0.35
-0.45
-0.8
0.9099999999999999
0.8
0.44166666666666665
0.0
0.4
0.4
0.1
0.3
0.3
0.3
-0.25
0.0
0.375
0.14999999999999997
0.4333333333333333
0.0
0.5
1.0
-0.5
-0.05
0.75
0.5
0.625
0.4
0.8
0.0
-0.3333333333333333
0.0
0.8
0.0
1.0
0.125
0.5666666666666668
0.4
-0.3333333333333333
0.3
-0.5
0.2107142857142857
-0.05
0.0
0.0
0.0
0.1
0.0
0.5666666666666668
-0.7
0.48888888888888893
-0.5
1.0
0.125
0.0
0.5
0.4
-0.45
0.3
0.0
-0.8
0.1277777777777778
0.4
0.4
0.0
0.0
-0.125
0.4375
0.35
-0.5
0.0
0.375
0.0
0.0
0.0
0.35
0.05000000000000001
-0.3
-0.5
-0.5
-0.5
0.29166666666666663
0.0
0.6
0.4
0.5
0.5785714285714286
0.0
0.35
0.7
0.0
0.0
0.0
0.0
0.0
0.3
0.0
0.0
0.8
0.4
0.3666666666666667
0.35
0.3
0.0
0.5
-0.25
-0.45
0.125
0.5
1.0
0.0
0.5
0.29166666666666663
0.8
0.65
0.0
0.44999999999999996
0.1
0.0
0.0
0.0
-0.05
0.3
0.4
0.5
0.0
1.0
0.0
0.26666666666666666
0.5
0.5
0.35
0.0
-0.055555555555555546
0.4
0.125
0.8000000000000002
0.06666666666666665
0.8
0.0
0.0
0.0
0.4
-0.5
0.1
-0.02976190476190474
0.35
0.14285714285714285
-0.2333333333333333
0.4
0.4000000000000001
0.1
-0.05
-0.5
0.0
0.35
0.42500000000000004
0.4
0.0
0.5
0.8
0.4
0.0
0.4000000000000001
1.0
0.0
0.5
0.2852272727272727
-0.05
0.0
0.25
0.5
0.0
0.0
0.0
0.1
0.0
0.5
0.5
0.55
-0.45
0.5
0.5666666666666668
-0.05
-0.5
0.0
0.4
0.4
0.5
0.0
0.5
0.35
0.0
0.4
0.11666666666666665
0.35
0.0
0.9
0.5
0.0
-0.05
0.1
0.0
0.35
0.5
0.4
0.125
0.4
0.1
0.0
0.0
0.075
0.0
0.5
-0.5
0.6
-0.05
0.5
-0.3125
-0.05
0.125
0.5
0.4
0.125
0.0
0.5
0.0
0.0
-0.3333333333333333
0.35
0.1
0.0
0.4
0.4
-0.6
0.375
-0.5
-0.4083333333333334
0.0
0.4
-0.45
0.2
0.1
-0.45
0.4
0.041666666666666664
-0.5
0.625
0.0
0.35
0.5
-0.3333333333333333
0.0
0.5875
0.0
-0.05
0.35
0.48000000000000004
0.0
0.4666666666666667
-0.05
0.1
0.35
0.0
0.5
0.0
0.0
0.375
0.35
0.0
0.5
0.625
0.8
0.0
-0.3499999999999999
0.2
0.4
0.45
0.033333333333333354
-0.45
-0.5
0.5666666666666668
-0.125
0.0
0.5
1.0
0.35
0.4
0.1
0.5
0.4
0.35
0.625
-0.125
0.35
1.0
-0.8
-0.125
-0.05
-0.45
-0.05
0.5
0.5
0.35
-0.5
0.4
-0.4083333333333334
-0.45
0.8
0.0
0.34375
-0.05
0.35
0.8
0.8
0.0
0.5
0.6000000000000001
-0.5
-0.45
-0.05
0.35
1.0
0.0
-0.05833333333333333
0.0
-0.8
0.55
0.5
0.0
-0.3333333333333333
0.4
0.35
-0.5
-0.05
-1.0
0.35
-0.4
0.0
0.4375
0.4
-0.5333333333333333
0.16666666666666666
0.7
0.0
0.0
0.6
0.5666666666666668
0.0
-0.05
0.0
0.0
0.0
0.0
0.8
0.5
1.0
-0.5
1.0
0.5
0.0
0.5
0.4666666666666666
0.6
0.0
-0.45
0.125
0.3
0.1
0.0
-0.07777777777777777
1.0
1.0
0.3
0.5
0.25
0.2
0.5666666666666668
0.4
0.2852272727272727
-0.15
0.16666666666666666
0.0
1.0
-0.01666666666666668
0.0
-0.6
0.35
0.16666666666666666
0.0
0.4666666666666666
0.1
-0.5
-0.125
0.5
0.0
-0.45
-0.5
1.0
0.4
0.1
0.35
0.0
-0.45
0.0
0.0
0.5
0.35
0.0
0.5
0.4
0.0
0.1
0.5
0.4
0.4
0.5
0.5
0.1
0.0
0.5
0.0
0.0
-0.5
0.4
-0.05
0.0
0.0
-0.5
-0.25
-0.5
0.3
0.35
0.1
0.4
0.0
0.0
-0.08055555555555555
0.4
0.1
0.16666666666666666
0.6
0.16666666666666666
0.1
-0.45
0.35
0.0
-0.45
-0.5
0.7
0.041666666666666664
0.041666666666666664
0.6
0.2852272727272727
0.0
0.375
0.16666666666666666
0.71875
0.1
0.0
0.0
0.5666666666666668
0.9
0.4
0.0
0.0
-0.05
0.0
-0.10000000000000005
0.7
0.16666666666666666
-0.05
0.7
0.0
0.0
0.5
0.4
0.0
0.5
0.175
1.0
0.4
0.375
0.1
0.4
0.4666666666666666
0.0
0.0
-0.1
0.041666666666666664
0.0
-0.5
0.1
0.0
0.4333333333333333
0.2852272727272727
-0.05
0.7
-0.05000000000000001
0.16666666666666666
0.1
0.5
0.4
0.0
1.0
0.0
0.5
0.0
0.16666666666666666
0.65
-0.25
0.6
0.5666666666666668
0.125
0.425
0.16666666666666666
-0.28833333333333333
0.1
-0.5
0.8
0.0
0.0
0.16666666666666666
-0.5
0.0
-0.45
0.4
0.5
0.3
0.4
0.5
0.5
-0.05
0.25
0.0
1.0
0.0
0.0
0.09523809523809523
0.1
-0.7
-0.05
0.8
-0.05
0.42500000000000004
0.16666666666666666
0.5
0.0
0.5
0.5666666666666668
0.42500000000000004
0.5
0.4
0.0
0.5
0.0
0.5
0.125
0.20000000000000004
0.4
-0.05
0.0
0.1
0.5
-0.05
-0.05
0.35
0.5
-0.1
-0.125
-0.75
0.35
0.0
0.4000000000000001
-0.5
0.05000000000000001
-0.7
0.0
0.049999999999999975
0.0
0.6
-1.0
0.4
0.0
0.4
0.0
0.34375
-0.5
0.0
-0.22500000000000003
0.0
0.5
0.5
-0.8
1.0
0.0
0.0
0.0
0.5
0.5
-0.8
0.4
0.4
0.0
0.0
-0.3333333333333333
-0.5
0.0
0.125
0.4
0.0
0.35
-0.45
0.5
0.0
0.5
1.0
0.13750000000000004
0.375
0.0
0.0
0.0
0.7
0.34375
-0.7
0.3333333333333333
0.7
0.1
0.0
-0.05
-0.3333333333333333
0.4
0.4
0.5
0.25
0.04999999999999999
0.375
0.5
0.4
0.0
-0.05
-0.5
-0.5
0.35
-0.7999999999999999
0.35
0.16666666666666666
0.0
0.8
0.35
0.0
0.2852272727272727
0.4
-0.02500000000000001
1.0
0.0
0.16666666666666666
0.4
0.4
-0.5
0.0
0.4
0.0
-0.05
-0.45
-0.5
0.0
0.5
-0.16666666666666663
0.8
0.34375
0.35
0.3
0.5
0.4
-0.05
0.4
0.0
0.3
0.09999999999999998
0.0
-0.7999999999999999
0.6
0.16666666666666666
0.1
0.8
0.5
-0.45
0.4
0.6
0.35
-0.25
0.0
-0.45
0.0
0.0
0.0
0.5
1.0
0.0
0.5
0.6
-0.5
0.2107142857142857
-0.25
0.35
0.5
0.125
0.125
0.21666666666666667
0.0
0.6428571428571428
0.0
0.3
-0.16666666666666666
0.35
0.0
0.5
0.4
0.0
0.0
0.16666666666666666
0.5
0.16666666666666666
0.0
0.0
-0.8
0.5
0.7
-0.05
0.0
0.0
0.0
-0.5
1.0
0.38
0.34375
-0.45
0.5666666666666668
0.0
-0.4
0.2
-0.5
0.5
0.0
0.5
0.4
0.0
0.1
-0.05
0.35
-0.52
0.16666666666666666
0.4
0.1
-0.5
0.6083333333333334
0.0
-0.5
0.35
1.0
0.0
-0.45
0.4
0.0
-0.05
0.4
0.35
0.0
0.4
0.4
0.16666666666666666
0.4
-0.05
0.35
0.5
0.5
0.0
0.0
0.35
0.1
0.14999999999999997
-0.05
0.375
-0.7999999999999999
0.25
0.35
-0.45
0.35
0.5
0.0
1.0
1.0
0.0
0.0
0.35
0.5
0.35
0.5
0.75
-1.0
0.0
0.8
0.0
-0.6999999999999998
-0.05
0.3
-0.6
-0.10714285714285715
0.35
0.0
-0.05
0.0
0.5
0.4
0.0
0.1166666666666667
0.4
-0.05
0.5
0.5
0.6
0.43333333333333335
0.125
0.0
0.18333333333333335
0.0
0.1
0.0
0.0
0.25000000000000006
0.16666666666666666
0.35
0.7
0.0
0.0
0.375
0.0
-0.3833333333333333
0.0
0.35
0.5
0.0
0.375
0.0
-0.5
0.5
0.35
0.0
0.35
0.35
0.35
-0.6999999999999998
-0.6
0.35
0.1
0.35
0.1
0.5
0.1
-0.625
-0.7999999999999999
-0.7999999999999999
0.375
0.375
0.5666666666666668
0.0
-1.0
0.5666666666666668
0.5666666666666668
-0.45
0.06818181818181818
0.5
0.35
0.0
0.5
0.5
0.4
0.0
-1.0
0.44999999999999996
0.0
0.2852272727272727
0.0
-0.4861111111111111
0.4
-0.05833333333333333
0.75
-0.125
0.5
0.41818181818181815
0.5
0.1
-0.5
0.05000000000000001
0.0
0.4
-0.16666666666666663
0.0
0.4
0.5
-0.05
-0.5
-0.5
-0.4083333333333334
0.4
1.0
0.35
0.35
0.16666666666666666
0.35
0.0
0.5
0.0
0.35
0.0
0.35
0.043181818181818175
0.4333333333333333
0.0
0.625
0.25
0.5
-0.3333333333333333
0.35
0.4
0.0
0.5
0.8
-0.01666666666666668
0.5666666666666668
0.0
0.1
0.3666666666666667
-0.5
0.5
0.5687500000000001
0.0
0.35
0.0
0.4
0.0
0.35
0.4
0.5
-0.45
0.35
0.7
0.8
0.5
0.13333333333333333
0.125
0.4
0.4
-0.45
-0.5
0.0
-0.5
0.5
-0.5
0.8
-0.6
0.0
0.0
0.375
0.8
-0.7
-0.45
0.35
0.5
0.35
0.1
0.5
-0.4
0.0
0.35
-0.7
0.5
0.0
0.2852272727272727
0.35
0.25
0.8
-0.6
0.0
0.5
-0.45
-0.05
-0.5
0.35
0.0
0.35
0.35
0.1
0.0
0.39166666666666666
0.0
0.0
0.48000000000000004
0.4583333333333333
-0.45
1.0
0.8
0.35
0.35
0.16666666666666666
0.0
0.1
0.5666666666666668
0.3
0.35
0.5
0.0
0.4
0.5
0.1
-0.25
-0.5
0.8
0.5
0.5
0.4
0.0
1.0
0.35
0.5
0.35
0.5666666666666668
0.5
0.8
0.2
-0.3444444444444444
0.6
0.4
-0.5
-0.0375
-0.45
0.5
-0.5
0.3
0.4
-0.45
-0.8
0.4
-1.0
-0.5
0.4
0.4
0.5
0.0
-1.0
0.4
0.14285714285714285
0.04999999999999999
0.35
-0.5
0.0
0.4
0.4
0.35
0.075
0.35
0.8
-0.3888888888888889
1.0
-1.0
0.35
0.35
-0.05
0.5
-0.5
-0.05
0.0
0.35
1.0
-0.7999999999999999
1.0
0.5
0.1
0.1
0.0
0.1
0.7
0.0
0.35
-0.05
0.5
0.5
0.0
0.0
0.3666666666666667
-0.5
0.35
0.0
0.6
-0.5
-0.2333333333333333
1.0
0.5
0.0
0.0
-0.45
0.5666666666666668
0.0
0.35
0.0
0.5
0.6
0.4
0.5
-0.6
0.0
0.8
0.35
0.5
0.4
0.0
0.5
0.5
0.0
0.0
0.03125
1.0
0.35
0.04999999999999999
0.1166666666666667
0.5
0.0
-0.5
-0.2
0.13333333333333336
0.1
0.4
0.5
0.0
-0.7
-0.25
-0.2
0.3025
0.0
0.4000000000000001
0.35
0.5
0.14999999999999997
0.5
-0.3333333333333333
0.0
-0.125
0.3
0.35
-0.5
-0.8
0.0
0.5
-0.6
0.35
0.5666666666666668
0.4
0.4
0.3
-0.6
-0.5
0.8
-0.6
0.075
0.35
0.4
0.35
0.5
0.0
-0.05
0.1
0.35
0.4
-0.2333333333333333
1.0
-0.6
-0.7
0.65
-0.5
0.5
-0.6
0.0
0.35
0.6
0.041666666666666664
0.3
0.5
1.0
0.5
0.6
0.6
0.7
0.5
0.5
0.4
0.4
0.5
0.0
0.4
0.35
0.35
-0.625
0.5
0.0
-0.25
-0.7999999999999999
0.35
-0.5
0.35
0.1
-0.3333333333333333
0.13333333333333336
0.4
0.1
0.35
-0.041666666666666664
0.16666666666666666
0.4
-0.6
0.04464285714285714
0.5666666666666668
0.5
0.0
0.6
0.1
-0.6
0.8
0.5
0.4
-0.3333333333333333
-0.43333333333333335
0.0
0.5666666666666668
-0.6
-0.7999999999999999
0.5
0.3
1.0
-0.6
0.16666666666666666
0.4
-0.33181818181818185
0.4
0.0
0.7
0.0
-0.7
-0.3
0.25
0.0
-0.6
-0.25
0.8
0.0
0.4
0.0
0.8
-0.04999999999999999
-0.5
0.0
0.5
0.5
0.0
0.4
0.7
-0.375
-0.5
0.34375
0.8
0.375
0.5
0.4
0.125
0.5
-0.5
0.13333333333333336
-0.3333333333333333
0.35
-0.45
0.4
0.8
-0.6999999999999998
0.1
0.6
0.14285714285714285
0.8
0.20800000000000002
-0.6
0.3888888888888889
1.0
0.0
0.0
0.0
-0.6
0.5
-0.6
0.5
-0.3333333333333333
1.0
-0.05
0.0
0.43333333333333335
0.4
0.0
0.5
-0.6
-0.6
0.8
0.1
0.6
0.2
0.0
0.0
0.4
0.5
0.16666666666666666
0.6
0.4
0.7
0.8
0.075
0.5
0.8
0.5
0.5666666666666668
-0.6
0.0
0.39285714285714285
0.38333333333333336
-1.0
-0.1625
-0.3333333333333333
-0.6
0.35
0.0
0.4
0.0
0.15000000000000002
-0.5
0.3
0.0
0.0
0.4
0.21428571428571427
-0.4625
0.5
0.2852272727272727
0.3888888888888889
0.5
0.0
-0.05
0.5
0.0
0.7
0.7
0.35
0.9
0.5
-0.02976190476190474
0.0
0.0
0.425
-1.0
-0.05
0.35
-0.3333333333333333
-0.3333333333333333
0.5
-0.6
-0.6
0.0
0.125
0.0
1.0
0.35
0.4
0.2
-0.45
0.375
-0.375
0.7
0.0
-0.5
0.4
-0.6
-0.6
0.4
0.5666666666666668
0.1166666666666667
1.0
0.5
0.5
-0.45
-0.45
-0.05
0.16666666666666666
0.7
0.0
0.0
0.4
0.35
0.8
0.35
0.0
1.0
0.8
0.35
-0.05
-0.05
1.0
0.06666666666666664
0.35
0.4
0.3
0.5
0.20909090909090905
0.5
0.5666666666666668
-0.05
0.0
-0.3333333333333333
-0.5
0.1
-0.45
1.0
0.0
0.5
-0.6
1.0
0.04999999999999999
-0.3333333333333333
0.5
0.5
-0.6
0.4
0.35
0.5
0.0
0.5
-0.3333333333333333
0.7
0.15
0.0
0.7
1.0
-0.3333333333333333
0.1
0.35
0.35
-0.45
0.1
-0.6
0.5
0.5
0.8
-0.12
0.42500000000000004
0.4
-0.5
0.4
0.0
0.5
0.1
0.5666666666666667
0.375
-0.05
0.4
0.0
0.2852272727272727
0.2852272727272727
-0.6
-0.9
1.0
0.5
0.4
-0.3333333333333333
0.0
0.6
0.35
0.35
0.0
0.04999999999999999
0.6875
0.65
0.8
0.4
-0.6
0.4
0.8
0.35
0.0
1.0
-0.15000000000000002
0.0
0.48000000000000004
0.0
-0.125
0.8
0.8
0.0
-0.7
0.9
0.0
0.2852272727272727
0.0
-0.6
0.0
-0.6
-0.05
0.1
0.6
0.125
0.4
0.3
-0.05
0.0
0.5666666666666668
0.5
0.5666666666666668
0.5
0.16666666666666666
0.0
0.0
0.5
-0.125
0.5
0.4
0.175
0.4
0.16666666666666666
0.55
0.4
0.7
0.35
0.5
0.35
0.0
0.21428571428571427
0.35
0.0
-0.3333333333333333
0.3
0.5
0.5
-0.05
0.4666666666666667
-0.6
0.10714285714285714
0.35
0.7
0.4
-0.6
-0.6
0.3
0.7
0.0
0.34375
0.4
0.0
-0.6
0.0
0.0
0.35
-0.45
0.4
0.0
-0.35
0.35
0.0
0.35
0.35
0.3
0.0
0.0
0.5
0.3
-0.2
-0.45
0.5
-0.5
0.4
0.4
0.0
0.4
0.0
0.13333333333333336
-0.05
0.0
0.0
0.8
-0.25
0.4
0.3
0.8
0.0
0.4
0.3
-0.0666666666666667
0.48000000000000004
0.35
0.48000000000000004
0.3
-0.05
0.1
0.35
-0.75
0.35
-0.05
0.0
-0.6
0.5
0.14285714285714285
0.4
0.35
0.1
-0.5
0.1
-1.0
0.0
0.0
0.5
0.5
0.0
0.48000000000000004
0.8
0.5
0.1
0.4
-0.05
0.4
0.0
0.7
0.5
0.0
0.04464285714285714
-0.45
-0.9
0.35
0.0
0.4
0.0
0.35
0.0
-0.6
0.0
1.0
0.3666666666666667
0.7
0.5
0.5
0.0
0.0
0.35
-0.5
0.4
-0.5
0.5
0.35
0.35
0.35
-1.0
0.5
0.7
0.0
0.3
0.35
-0.05
0.5
1.0
0.4
0.0
0.0
0.6
0.8
0.1
0.4
0.5
-0.45
0.7
0.5
0.375
0.4
-0.6
0.2916666666666667
-0.05
0.1
0.5
0.5
-0.5
0.0
0.4
0.5
0.0
0.0
0.35
0.35
-0.125
-0.6
0.3333333333333333
0.1
-0.45
0.0
0.35
0.425
0.0
0.35
0.0
0.0
0.5
-0.02976190476190474
0.0
0.041666666666666664
0.3
1.0
0.0
0.125
0.0
0.25
0.3
-0.6
-0.45
0.7
1.0
0.7
0.0
-0.05
0.0
0.5
-0.09999999999999999
0.5
0.0
0.1
1.0
0.0
0.25
0.04999999999999999
0.35
0.5
0.25
0.7
0.0
0.3
-0.6
0.35
-0.65
-0.5
-0.25
0.7
0.2852272727272727
-0.5
0.4
0.35
0.6
0.8
-0.05
0.0
-0.25
-0.05
0.0
-0.45
0.0
-0.5
0.0
-0.3
0.0
-0.5
0.13333333333333333
-0.125
0.7
-1.0
0.5
0.0
0.0
0.35
0.5
0.5
-0.5
0.35
-0.6
0.5
0.5
0.5
-1.0
0.0
-0.5
0.7
0.35
0.2107142857142857
0.1
0.0
0.5
-0.45
0.0
0.6
0.0
-0.05
0.5666666666666668
0.5
0.0
0.1
-0.5
0.7
-0.21944444444444444
-0.05
0.2621212121212121
0.4
0.3333333333333333
0.125
0.35
0.9
0.0
-0.45
0.60625
-0.5
0.1
-0.05
0.0
0.4
0.5
0.4
0.4
0.0
0.35
0.35
0.4000000000000001
0.35
0.7
-0.6
0.041666666666666664
-0.26666666666666666
0.5
0.8
-0.4
0.1
-0.6
-0.5
0.4
1.0
-0.05
-0.5
-0.5
0.0
0.4
0.0
1.0
0.4
-0.5
0.35
0.5666666666666668
0.8
0.39999999999999997
0.6000000000000001
0.0
0.125
1.0
0.3
0.0
0.5666666666666668
0.8
0.3
-0.4
-0.3333333333333333
-0.6
-0.7
-0.6
-0.5
0.5
0.0
0.041666666666666664
0.39285714285714285
0.5
-0.6
0.7
0.35
0.75
0.4000000000000001
0.7
-0.02976190476190474
0.0
0.35
0.1277777777777778
0.125
0.0
0.3
0.8
0.4
0.5
-0.05
0.4
0.5
-0.3
0.0
0.375
0.8
0.9
0.4
0.5
0.2
0.8
0.0
0.16666666666666666
0.0
0.5
0.65
-0.6
0.1
0.36111111111111116
-0.1875
0.4
0.1
-0.7
0.1277777777777778
0.05000000000000001
0.1
-0.3
0.39285714285714285
-0.5
0.3
0.4
0.2852272727272727
-0.5
0.5
0.5
-0.4
0.1
0.4
0.4
0.7
-0.6
0.35
0.5
0.5
0.5
0.0
0.8
0.1875
0.5
0.45499999999999996
0.4
0.35
0.0
0.45499999999999996
0.3
0.4
0.375
0.2852272727272727
-0.125
0.8
0.4
0.7
0.7
-0.3333333333333333
0.5
-1.0
0.14285714285714285
0.7
-0.7
0.0
-0.7
0.8
0.35
0.0
0.8
0.0
0.35
0.5
0.5
0.8
0.0
-0.7
0.16666666666666666
-0.45
0.1
-0.5
-0.5
0.5
0.1
0.5
0.7
0.3
0.1
0.1
0.0
-0.19999999999999998
-0.45
0.4
0.1
0.8
0.0
-0.6
0.65
-0.45
0.8
0.8
0.0
0.35
0.0
0.0
-0.011111111111111108
-0.6
0.4
0.5666666666666668
0.0
-0.6999999999999998
-0.3333333333333333
-0.3
0.025
0.0
0.0
0.8
0.0
0.6
0.0
0.0
-1.0
0.2818181818181818
0.4
-0.5
0.0
-0.05
0.7
0.5666666666666668
0.4
0.0
